RING 33
5 78 30 48 100 71 14 46 83 55 12 27 86 35 62 23 47 21 84 18 79 53 75 6 92 28 58 81 73 50 44 2 95
STAR
1 92
3 46
4 75
7 12
8 92
9 12
10 84
11 21
13 95
15 21
16 53
17 21
19 75
20 12
22 53
24 18
25 81
26 53
29 46
31 92
32 47
33 95
34 83
36 84
37 5
38 18
39 30
40 2
41 71
42 92
43 46
45 23
49 6
51 81
52 78
54 2
56 75
57 12
59 21
60 62
61 81
63 6
64 2
65 53
66 53
67 28
68 73
69 73
70 53
72 21
74 21
76 95
77 62
80 92
82 95
85 73
87 81
88 53
89 92
90 6
91 23
93 28
94 18
96 78
97 75
98 23
99 18
COST 121304